-,-,-
938, -125, 330
957, -123, 337
957, -123, 337
979, -134, 330
1018, -145, 299
1060, -140, 307
1102, -125, 335
1135, -95, 358
1283, -101, 430
1363, -155, 367
1355, -133, 274
1291, -90, 261
1179, -46, 328
1179, -46, 328
1084, -44, 394
1011, -83, 371
935, -91, 314
905, -79, 307
905, -85, 297
894, -87, 301
894, -87, 301
874, -95, 304
868, -127, 301
838, -136, 280
812, -146, 263
814, -176, 241
820, -205, 232
820, -205, 232
821, -218, 218
823, -252, 170
830, -269, 150
837, -269, 141
848, -271, 140
868, -262, 116
888, -256, 106
888, -256, 106
910, -248, 107
920, -229, 95
920, -203, 98
923, -182, 124
935, -171, 121
937, -158, 116
922, -144, 118
922, -144, 118
924, -133, 108
925, -112, 109
936, -83, 109
943, -56, 98
958, -32, 99
958, -32, 99
975, 5, 69
979, 57, 75
975, 110, 87
975, 110, 87
962, 142, 89
936, 164, 97
885, 181, 121
885, 181, 121
831, 170, 116
776, 156, 106
750, 123, 106
739, 72, 80
739, 72, 67
713, 33, 67
685, 11, 80
674, 24, 140
674, 24, 140
727, 41, 196
789, 41, 236
854, 20, 237
854, 20, 237
906, 43, 219
953, 52, 301
1015, 55, 339
1041, 57, 368
1041, 57, 368
1047, 78, 348
1063, 64, 383
1097, 44, 338
1052, 49, 298
993, 89, 357
993, 89, 357
1000, 94, 382
1039, 5, 356
1563, 133, 729
1863, -596, 493
500, 249, -176
500, 249, -176
407, 121, 210
1529, -239, 265
1046, -79, 139
-,-,-
943, -113, 320
949, -89, 353
954, -94, 326
954, -94, 326
975, -113, 292
979, -115, 286
1013, -119, 264
1086, -114, 260
1175, -115, 288
1254, -91, 324
1334, -88, 292
1344, -99, 310
1344, -99, 310
1315, -109, 329
1245, -82, 350
1175, -80, 345
1128, -96, 336
1067, -75, 304
1003, -64, 275
964, -87, 281
964, -87, 281
940, -113, 281
889, -80, 248
853, -64, 223
821, -76, 241
776, -64, 239
776, -64, 239
735, -65, 232
732, -92, 229
721, -100, 207
732, -115, 163
763, -144, 99
786, -164, 102
786, -164, 102
821, -206, 113
843, -228, 116
866, -242, 115
876, -263, 112
895, -293, 123
924, -308, 120
949, -307, 116
949, -307, 116
954, -293, 113
965, -283, 101
959, -258, 101
956, -222, 112
952, -186, 137
945, -156, 165
957, -112, 171
973, -66, 183
973, -66, 183
1001, -28, 166
1009, 7, 158
1016, 42, 157
1020, 86, 155
1020, 86, 155
1020, 128, 153
1017, 148, 145
997, 163, 155
975, 165, 180
953, 158, 168
920, 132, 164
920, 132, 164
889, 104, 161
872, 70, 152
858, 32, 148
841, -5, 131
841, -5, 131
807, -31, 138
771, -46, 139
745, -65, 157
733, -72, 184
733, -72, 184
739, -71, 201
735, -49, 211
739, -13, 229
825, -14, 290
910, 1, 282
910, 1, 282
983, 7, 286
1044, 7, 329
1044, 7, 329
1145, -11, 366
1192, 11, 337
1185, 4, 339
1119, 15, 355
1056, -6, 365
1056, -6, 365
1293, 46, 503
1918, -721, 566
532, 308, -124
521, 59, 375
1359, -210, 252
882, -84, 270
-,-,-
970, -101, 277
970, -101, 277
985, -118, 251
985, -126, 263
1016, -126, 260
1082, -123, 210
1159, -133, 194
1231, -126, 245
1365, -122, 288
1441, -115, 310
1432, -108, 275
1372, -96, 290
1372, -96, 290
1290, -67, 341
1218, -62, 349
1127, -55, 340
1032, -35, 294
972, -53, 257
929, -69, 238
889, -90, 200
889, -90, 200
812, -80, 147
732, -64, 119
667, -53, 105
650, -64, 102
650, -64, 102
637, -88, 104
652, -99, 65
703, -123, -1
787, -178, -27
843, -215, -50
843, -215, -50
884, -246, -39
916, -264, -27
939, -268, -28
949, -257, -17
963, -241, -2
964, -222, 14
971, -185, 37
971, -185, 37
992, -166, 38
993, -139, 22
992, -103, 14
971, -60, 49
971, -60, 49
972, -34, 71
964, 8, 68
974, 66, 46
974, 66, 46
978, 100, 57
974, 132, 92
990, 157, 92
990, 157, 92
994, 187, 88
993, 190, 94
959, 180, 84
959, 180, 84
963, 156, 68
960, 113, 44
952, 69, 10
952, 69, 10
948, 26, -6
919, 6, -7
888, -16, 9
888, -16, 9
841, -35, 27
785, -41, 37
752, -26, 61
752, -26, 61
766, -24, 111
796, -34, 118
810, -48, 112
788, -36, 102
788, -36, 102
782, 8, 107
804, 16, 139
821, 22, 163
821, 22, 163
853, 23, 202
938, 51, 166
1007, 42, 158
1067, 15, 146
1067, 15, 146
1155, 24, 188
1234, -8, 163
1253, 12, 122
1139, 32, 172
1068, 13, 230
1068, 13, 230
1346, 87, 431
1898, -628, 567
496, 347, -135
351, 98, 354
1446, -83, 241
1446, -83, 241
-,-,-
973, -97, 300
943, -75, 259
967, -89, 287
974, -98, 272
974, -98, 272
982, -106, 263
1014, -113, 255
1070, -116, 248
1153, -122, 260
1276, -149, 294
1418, -177, 218
1438, -174, 223
1396, -127, 265
1307, -99, 326
1229, -97, 373
1229, -97, 373
1175, -96, 367
1144, -73, 310
1081, -60, 278
1005, -42, 256
942, -31, 244
883, -38, 228
883, -38, 228
791, -29, 200
710, -25, 161
660, -45, 151
621, -50, 163
638, -60, 153
638, -60, 153
698, -88, 116
759, -115, 113
807, -158, 88
820, -190, 80
839, -216, 77
839, -216, 77
868, -244, 56
898, -247, 46
925, -225, 32
947, -210, 40
948, -184, 63
948, -184, 63
954, -147, 78
973, -106, 66
992, -73, 57
996, -50, 68
996, -50, 68
981, -19, 70
989, 16, 64
1001, 44, 57
1001, 44, 57
998, 63, 87
992, 93, 89
981, 119, 78
981, 119, 78
1000, 126, 56
1000, 134, 53
1006, 144, 50
1004, 136, 60
1004, 136, 60
1012, 118, 59
1002, 100, 63
986, 72, 54
957, 48, 52
957, 48, 52
923, 23, 45
887, 3, 43
887, 3, 43
867, -13, 41
836, -29, 58
804, -36, 62
804, -36, 62
763, -35, 98
754, -36, 118
777, -45, 129
792, -37, 138
792, -37, 138
820, -30, 149
856, -20, 158
888, -1, 146
893, 19, 131
893, 19, 131
887, 47, 138
952, 43, 183
1012, 31, 163
1032, 22, 166
1032, 22, 166
1087, 34, 216
1198, -6, 220
1208, -5, 156
1112, -19, 141
1014, -32, 206
1014, -32, 206
952, -68, 227
1215, 0, 370
1887, -724, 546
381, 382, -55
463, 116, 413
1471, -131, 304
1471, -131, 304
779, 6, 250
-,-,-
1015, -95, 204
1078, -110, 221
1183, -147, 174
1267, -152, 166
1342, -156, 167
1354, -145, 256
1354, -145, 256
1357, -133, 322
1315, -115, 307
1222, -99, 296
1107, -72, 268
998, -49, 269
917, -37, 280
869, -44, 231
820, -53, 205
820, -53, 205
789, -40, 179
768, -43, 179
758, -45, 155
748, -46, 148
748, -46, 148
742, -45, 153
769, -55, 163
821, -67, 148
868, -78, 123
904, -84, 103
904, -84, 103
931, -96, 108
955, -110, 100
971, -132, 97
972, -151, 105
978, -169, 111
989, -200, 107
989, -200, 107
996, -215, 98
1002, -222, 86
992, -223, 101
986, -212, 94
970, -182, 97
971, -155, 98
971, -155, 98
983, -137, 95
980, -106, 101
992, -66, 90
991, -27, 88
991, -27, 88
976, 20, 84
969, 62, 86
965, 96, 90
965, 96, 90
960, 128, 100
966, 146, 86
957, 150, 103
957, 150, 103
958, 140, 122
959, 129, 121
965, 115, 116
982, 106, 106
992, 94, 101
992, 94, 101
993, 78, 107
984, 58, 114
963, 45, 100
963, 45, 100
928, 30, 106
905, 6, 90
875, -15, 94
875, -15, 94
844, -27, 96
808, -40, 107
752, -32, 138
730, -39, 149
730, -39, 149
707, -48, 159
683, -19, 174
735, -10, 159
761, -2, 141
783, 19, 134
783, 19, 134
886, 6, 203
1010, -18, 227
1099, -5, 256
1099, -5, 256
-,-,-
1007, -115, 272
1015, -94, 290
1097, -118, 258
1193, -147, 279
1288, -140, 251
1288, -140, 301
1347, -125, 301
1352, -107, 374
1331, -91, 424
1285, -79, 391
1212, -61, 351
1122, -53, 345
1031, -47, 347
929, -37, 333
844, -31, 294
844, -31, 294
763, -28, 283
715, -28, 254
696, -32, 234
689, -39, 234
689, -39, 234
718, -54, 210
760, -64, 179
799, -82, 146
831, -101, 146
861, -120, 134
885, -141, 121
885, -141, 121
892, -151, 119
901, -175, 108
929, -210, 102
952, -240, 91
966, -243, 83
969, -253, 90
969, -253, 90
965, -250, 98
977, -246, 90
986, -246, 85
995, -219, 90
1000, -201, 103
1000, -201, 103
998, -186, 111
989, -152, 99
970, -116, 97
954, -88, 99
930, -50, 87
930, -50, 87
922, -7, 70
927, 42, 39
915, 117, 43
915, 117, 43
930, 178, 69
952, 219, 102
981, 222, 138
1003, 214, 166
1013, 198, 172
1013, 198, 172
1012, 156, 177
1001, 97, 156
986, 47, 128
964, -4, 102
920, -27, 77
920, -27, 77
872, -30, 96
834, -35, 113
806, -43, 120
806, -43, 120
776, -53, 134
740, -56, 141
736, -57, 154
737, -38, 151
734, -15, 127
734, -15, 127
746, -6, 155
844, -38, 201
989, -83, 211
1100, -120, 181
1157, -118, 142
1143, -43, 217
1143, -43, 217
1127, -13, 263
1127, -14, 259
1063, -2, 234
1515, 81, 667
1681, -595, 213
245, 244, 187
245, 244, 187
574, 64, 52
1545, -306, 89
842, -50, 201
-,-,-
980, -38, 318
973, -84, 289
973, -84, 289
999, -114, 277
1088, -145, 257
1237, -153, 278
1420, -194, 207
1535, -197, 212
1518, -166, 328
1427, -128, 427
1304, -100, 457
1181, -77, 444
1061, -55, 423
1061, -55, 423
949, -70, 407
823, -67, 376
737, -61, 334
670, -61, 274
614, -63, 230
614, -63, 230
602, -59, 206
632, -77, 203
689, -110, 187
744, -128, 155
801, -149, 119
850, -178, 117
850, -178, 117
898, -207, 125
942, -224, 107
952, -229, 97
967, -244, 72
978, -253, 81
977, -239, 92
977, -239, 92
969, -213, 117
958, -197, 135
969, -193, 109
939, -162, 113
923, -87, 92
917, -39, 85
917, -39, 85
902, 17, 79
895, 85, 102
907, 158, 108
907, 158, 108
930, 207, 142
941, 229, 159
943, 233, 163
950, 213, 142
945, 175, 124
945, 175, 124
943, 146, 102
945, 107, 74
935, 69, 75
935, 69, 75
913, 33, 88
892, 1, 90
866, -22, 89
866, -22, 89
832, -38, 95
811, -44, 122
805, -51, 135
819, -61, 125
819, -61, 125
816, -65, 126
811, -68, 155
808, -53, 154
823, -50, 154
823, -50, 154
872, -53, 176
921, -47, 206
954, -38, 141
943, -54, 159
1042, -34, 203
1042, -34, 203
1094, -47, 210
1079, -49, 136
1015, -28, 152
1017, -96, 189
1345, 35, 527
1852, -1048, 154
262, 375, 28
262, 375, 28
736, 51, 278
1359, -281, 214
731, -53, 246
1103, -145, 189
966, -161, 128
-,-,-
993, -188, 228
1025, -172, 185
1025, -172, 185
1074, -180, 183
1142, -186, 200
1221, -185, 244
1342, -190, 250
1432, -197, 248
1435, -169, 279
1358, -166, 333
1252, -140, 330
1141, -110, 323
1020, -84, 310
918, -73, 297
839, -90, 293
839, -90, 293
762, -73, 281
730, -75, 259
726, -90, 217
713, -90, 205
713, -90, 211
701, -82, 211
720, -94, 198
748, -111, 180
787, -124, 140
828, -143, 104
868, -159, 90
868, -159, 90
903, -190, 82
926, -204, 83
945, -221, 86
958, -236, 101
969, -255, 118
978, -262, 114
978, -262, 114
985, -250, 104
985, -209, 79
1000, -176, 71
991, -135, 84
982, -95, 93
982, -95, 93
968, -50, 93
962, -14, 107
965, 20, 110
961, 47, 127
961, 47, 127
957, 90, 118
963, 121, 119
966, 129, 130
963, 135, 144
963, 135, 144
975, 130, 133
986, 125, 117
974, 116, 110
950, 85, 126
950, 85, 126
925, 48, 127
898, 17, 106
853, 2, 103
853, 2, 103
806, -9, 120
783, -25, 125
783, -38, 109
783, -38, 98
783, -38, 98
782, -40, 95
789, -35, 126
802, -18, 179
843, -1, 180
843, -1, 180
923, -18, 170
1013, -33, 163
1070, -41, 135
1077, -37, 149
1048, 17, 228
1048, 17, 228
1081, 15, 263
1087, -30, 156
-,-,-
973, -174, 261
989, -169, 247
1031, -146, 202
1091, -130, 198
1150, -127, 246
1280, -158, 292
1444, -190, 245
1484, -177, 210
1408, -159, 248
1293, -137, 325
1180, -111, 354
1071, -77, 353
989, -72, 340
989, -72, 340
923, -67, 316
870, -67, 317
829, -66, 278
812, -67, 242
812, -67, 242
793, -63, 213
770, -68, 196
762, -77, 185
753, -89, 173
746, -99, 142
746, -99, 142
744, -121, 99
755, -146, 74
785, -181, 54
818, -218, 32
849, -242, 23
849, -242, 23
884, -266, 29
903, -270, 44
926, -268, 48
938, -246, 30
938, -246, 30
957, -205, 24
969, -169, 27
979, -141, 44
981, -104, 53
987, -64, 67
987, -64, 67
975, -17, 95
980, 25, 106
982, 64, 97
982, 64, 97
983, 112, 96
998, 133, 127
1013, 132, 123
1021, 127, 105
1021, 127, 105
1029, 124, 83
1035, 103, 74
1023, 80, 71
1021, 61, 62
1014, 39, 63
1014, 39, 63
1010, 21, 65
983, 8, 78
947, -2, 83
947, -2, 83
906, -12, 89
860, -19, 97
860, -19, 97
795, -25, 107
760, -33, 106
757, -47, 114
771, -56, 119
773, -56, 129
773, -56, 129
766, -41, 125
758, -30, 156
815, -35, 156
880, -40, 158
947, -51, 188
947, -51, 188
1062, -95, 211
1138, -68, 219
1155, -36, 219
1115, -26, 178
1019, -47, 136
903, -70, 129
903, -70, 129
1133, 53, 438
1912, -904, 546
411, 344, -213
636, 58, 244
-,-,-
995, -156, 177
996, -130, 195
1002, -156, 185
1009, -143, 155
1054, -160, 120
1087, -174, 121
1131, -169, 145
1131, -169, 145
1190, -179, 189
1274, -187, 179
1259, -166, 222
1204, -147, 312
1159, -124, 348
1124, -115, 345
1107, -114, 289
1083, -125, 267
1067, -114, 246
1070, -115, 218
1054, -127, 189
1031, -134, 168
996, -130, 181
996, -130, 181
960, -137, 202
897, -120, 199
841, -99, 177
793, -80, 161
756, -58, 148
749, -54, 128
749, -54, 128
745, -68, 109
741, -58, 87
741, -74, 75
761, -100, 60
761, -100, 60
788, -131, 41
831, -177, 32
876, -223, 16
920, -247, 8
966, -259, 14
966, -259, 14
980, -255, 22
985, -238, -6
987, -216, -59
963, -173, -63
955, -115, -43
955, -115, -43
969, -65, 3
987, 3, 32
1015, 69, 25
1015, 69, 25
1037, 104, 67
1049, 131, 92
1055, 159, 102
1043, 171, 90
1012, 182, 102
1012, 182, 106
980, 165, 106
942, 135, 95
896, 107, 81
856, 75, 55
856, 75, 55
809, 49, 30
780, 19, 51
780, -12, 76
780, -12, 76
780, -37, 91
770, -33, 84
761, -35, 120
760, -45, 166
760, -45, 166
780, -44, 244
846, -39, 235
946, -40, 187
986, -41, 175
986, -41, 175
1015, -52, 183
1030, 0, 215
1070, 30, 207
1079, 22, 158
1055, -3, 189
1055, -3, 189
1457, 172, 579
1799, -839, 217
314, 407, -141
348, 144, 125
1596, -266, 76
-,-,-
993, -251, 188
1011, -186, 178
981, -177, 179
1001, -180, 174
1066, -165, 164
1087, -163, 175
1219, -179, 202
1402, -216, 232
1497, -206, 257
1444, -175, 358
1336, -142, 399
1336, -142, 399
1216, -115, 419
1087, -102, 391
987, -88, 353
914, -80, 321
857, -81, 284
811, -77, 267
783, -79, 262
783, -79, 262
786, -91, 239
798, -98, 201
810, -120, 159
817, -148, 120
792, -161, 118
784, -182, 119
784, -182, 119
788, -215, 113
821, -259, 54
844, -298, 44
850, -323, 43
850, -320, 15
850, -320, 15
863, -297, -6
871, -270, -4
908, -240, 0
940, -181, 14
981, -111, 33
981, -111, 33
993, -47, 64
999, 5, 92
1005, 55, 110
1005, 55, 110
1020, 93, 134
1038, 129, 138
1055, 133, 135
1038, 138, 128
1014, 130, 125
992, 119, 114
992, 119, 114
974, 99, 93
962, 79, 65
940, 62, 52
940, 62, 52
918, 35, 52
871, 12, 48
831, -4, 64
831, -4, 64
816, -28, 62
796, -47, 58
786, -63, 63
786, -63, 63
758, -68, 75
747, -55, 94
722, -48, 107
722, -48, 107
703, -34, 109
757, -55, 125
845, -72, 93
897, -82, 30
897, -82, 30
866, -25, 43
904, -25, 198
1070, -22, 223
1198, -32, 161
1232, -31, 207
1232, -31, 207
1164, -32, 278
1171, -24, 377
-,-,-
976, -202, 260
976, -202, 260
1031, -203, 228
1094, -190, 226
1176, -171, 290
1384, -201, 297
1589, -250, 288
1581, -205, 294
1462, -174, 297
1302, -147, 312
1089, -97, 339
907, -44, 326
907, -44, 326
806, -46, 300
754, -73, 298
724, -80, 263
733, -72, 224
754, -75, 210
754, -75, 210
778, -93, 214
816, -109, 187
853, -124, 129
864, -137, 86
850, -141, 76
850, -141, 69
836, -149, 69
837, -164, 58
843, -183, 47
842, -193, 62
846, -211, 55
846, -211, 55
860, -225, 44
875, -231, 24
886, -227, 16
903, -210, 9
943, -196, 8
943, -196, 8
973, -165, 16
1005, -126, 15
1031, -78, 46
1027, -41, 88
1027, -41, 88
1013, -13, 115
1016, 27, 87
1016, 78, 64
1023, 100, 68
1023, 100, 68
1017, 111, 82
1015, 117, 91
1005, 123, 78
997, 125, 62
980, 117, 54
980, 117, 54
962, 104, 50
946, 81, 58
923, 52, 64
923, 52, 64
889, 37, 61
861, 16, 63
861, 16, 63
815, 3, 62
762, -13, 79
728, -25, 102
728, -25, 102
715, -27, 100
719, -25, 122
723, -24, 129
769, -39, 142
-,-,-
1010, -260, 233
1075, -237, 181
1075, -237, 181
1110, -211, 240
1272, -224, 275
1467, -226, 276
1559, -194, 222
1488, -146, 264
1333, -106, 345
1177, -75, 428
1049, -61, 438
923, -34, 402
841, -39, 366
841, -39, 366
806, -35, 276
784, -32, 232
778, -44, 206
773, -68, 198
772, -78, 169
772, -78, 169
777, -89, 137
762, -106, 132
756, -126, 148
763, -140, 122
797, -164, 71
797, -164, 71
835, -203, 41
861, -232, 33
875, -254, 45
896, -279, 37
920, -296, 39
920, -296, 39
948, -311, 46
957, -306, 14
980, -287, -3
978, -240, 0
965, -179, 34
965, -179, 34
962, -111, 61
948, -57, 99
960, -18, 124
995, 27, 103
995, 27, 103
1024, 45, 92
1031, 48, 90
1021, 52, 89
1021, 52, 89
1017, 87, 59
1011, 105, 58
1010, 97, 59
994, 82, 73
994, 82, 73
973, 76, 77
965, 52, 74
965, 52, 74
918, 35, 59
843, 18, 61
765, -2, 67
765, -2, 67
700, -15, 91
671, -20, 88
667, -28, 109
667, -28, 109
665, -14, 193
722, -27, 256
852, -46, 199
920, -49, 143
920, -49, 143
908, -51, 221
1003, -83, 195
1103, -124, 98
1088, -85, 82
1089, -91, 97
1056, -100, 213
1056, -100, 213
969, -45, 421
1673, -170, 1113
-,-,-
942, -99, 342
984, -139, 360
1050, -135, 303
1143, -143, 221
1226, -131, 201
1345, -129, 230
1458, -131, 218
1445, -113, 258
1366, -111, 318
1224, -85, 378
1097, -54, 360
1097, -54, 360
986, -45, 301
907, -52, 267
863, -79, 252
868, -105, 229
863, -110, 193
830, -113, 149
830, -113, 149
796, -105, 119
772, -121, 114
769, -142, 109
783, -175, 85
798, -205, 38
827, -243, 8
827, -243, 8
845, -284, -6
881, -299, -14
900, -289, -18
916, -268, -17
913, -241, 9
913, -241, 9
920, -224, 44
952, -202, 50
970, -185, 61
959, -153, 78
959, -153, 78
963, -96, 75
984, -61, 75
979, -24, 86
965, 4, 119
965, 4, 119
935, 45, 135
951, 85, 111
961, 130, 104
961, 130, 104
983, 142, 112
988, 142, 123
987, 158, 114
973, 163, 108
963, 140, 108
963, 140, 108
942, 111, 116
912, 81, 100
871, 43, 91
871, 43, 91
824, 16, 96
794, -11, 102
775, -24, 90
736, -31, 121
736, -31, 121
725, -33, 150
745, -29, 144
760, -8, 127
778, -11, 160
778, -11, 160
845, -22, 188
953, -49, 180
1048, -69, 168
1049, -40, 141
1044, -70, 166
1049, -42, 167
1049, -42, 167
1027, -33, 230
1061, -73, 183
1543, -4, 703
1695, -774, 107
139, 390, 317
-,-,-
1093, -185, 265
1274, -221, 324
1522, -290, 312
1676, -289, 271
1572, -179, 303
1409, -107, 349
1244, -65, 368
1108, -46, 341
1000, -47, 259
894, -53, 238
894, -53, 238
793, -48, 227
725, -44, 193
670, -44, 163
639, -64, 157
646, -69, 135
646, -69, 135
687, -83, 74
701, -102, 56
726, -128, 44
761, -163, 42
812, -197, 26
812, -197, 26
858, -228, 18
889, -237, 22
935, -253, 21
978, -279, 15
978, -279, 15
991, -286, 27
995, -278, 37
980, -245, 33
965, -209, 20
950, -166, 40
950, -166, 40
954, -102, 49
975, -64, 61
967, -22, 78
975, 22, 101
975, 22, 101
994, 61, 98
1022, 92, 97
1027, 116, 115
1025, 112, 139
1025, 112, 139
1007, 97, 137
978, 85, 125
931, 75, 111
864, 54, 116
864, 54, 116
802, 21, 131
750, -8, 113
711, -40, 120
684, -66, 139
684, -66, 139
689, -82, 120
687, -76, 106
709, -58, 117
762, -32, 134
762, -32, 134
828, -29, 164
903, -10, 186
953, 2, 195
996, 17, 193
996, 17, 193
1055, 0, 214
1103, -27, 139
1144, -48, 104
1114, -18, 158
1121, -45, 255
1400, 63, 582
1400, 63, 582
1965, -918, 596
498, 498, -171
324, 68, 256
1295, -163, 56
1125, -134, 96
881, -52, 269
881, -52, 269
-,-,-
978, -286, 202
966, -218, 221
977, -162, 182
978, -141, 180
978, -141, 180
995, -139, 169
1030, -159, 160
1053, -161, 155
1095, -138, 180
1282, -141, 271
1498, -196, 344
1611, -245, 377
1545, -215, 417
1383, -180, 402
1170, -130, 368
966, -105, 330
784, -97, 287
784, -97, 287
668, -84, 230
642, -89, 182
686, -109, 131
752, -133, 114
803, -144, 92
803, -144, 92
855, -162, 78
874, -183, 92
877, -198, 88
868, -218, 86
867, -254, 79
867, -254, 79
883, -295, 71
882, -317, 75
882, -309, 45
891, -304, 16
889, -312, 18
889, -312, 18
862, -309, 24
837, -283, 34
839, -241, 16
886, -200, -6
886, -200, -6
910, -164, 23
921, -116, 91
953, -45, 109
1001, 8, 124
1048, 32, 136
1048, 32, 136
1072, 67, 145
1102, 110, 130
1109, 138, 139
1084, 151, 152
1037, 135, 157
982, 100, 150
982, 100, 150
912, 70, 105
842, 37, 92
755, 9, 84
755, 9, 84
680, -16, 63
642, -53, 74
656, -93, 111
656, -93, 111
676, -101, 151
661, -76, 154
650, -75, 206
703, -71, 232
866, -109, 188
866, -109, 188
979, -131, 101
1004, -69, 36
1017, -85, 142
1077, -115, 293
1074, -89, 352
1764, -309, 1334
1429, -196, -686
-100, 274, 591
1012, 64, -26
-,-,-
1046, -125, 272
1046, -125, 272
1084, -96, 207
1237, -109, 209
1443, -169, 231
1574, -203, 236
1513, -177, 250
1376, -149, 249
1225, -158, 266
1065, -130, 275
923, -94, 237
813, -67, 219
813, -67, 219
765, -84, 222
725, -88, 247
729, -77, 207
735, -70, 180
744, -64, 135
744, -64, 135
754, -61, 116
777, -69, 101
793, -85, 82
813, -118, 84
813, -118, 84
813, -132, 71
827, -146, 60
847, -163, 44
886, -201, 35
903, -233, 27
903, -233, 27
928, -256, 19
969, -277, 2
1009, -299, -6
1025, -310, 5
1009, -282, 11
1009, -282, 11
1005, -249, 19
972, -187, 51
963, -139, 74
951, -101, 113
978, -41, 97
1017, 12, 97
1017, 12, 97
1025, 47, 118
1048, 62, 139
1043, 72, 141
1048, 89, 122
1048, 89, 122
1034, 107, 113
1006, 99, 104
995, 62, 102
963, 20, 89
963, 20, 89
908, 2, 67
842, -12, 56
757, -22, 44
757, -22, 44
700, -55, 65
672, -70, 81
668, -90, 68
668, -90, 68
629, -78, 111
638, -53, 158
723, -36, 202
884, -65, 204
884, -65, 204
987, -49, 179
1071, -89, 217
1131, -68, 212
1094, -104, 213
942, -48, 214
992, 101, 513
-,-,-
1008, -192, 180
1008, -192, 180
1038, -191, 156
1149, -198, 175
1310, -194, 189
1471, -216, 251
1580, -228, 298
1573, -225, 298
1454, -201, 280
1270, -145, 298
1090, -118, 312
942, -101, 297
827, -105, 262
768, -129, 226
768, -129, 226
713, -130, 192
685, -123, 158
692, -115, 83
709, -123, 74
751, -155, 91
753, -168, 111
753, -168, 111
749, -178, 111
741, -190, 89
754, -213, 75
788, -241, 60
822, -253, 50
834, -254, 45
834, -254, 45
865, -285, 59
912, -320, 53
962, -311, 27
1000, -279, 11
1026, -255, 37
1026, -255, 37
1019, -205, 70
1013, -155, 85
1020, -110, 77
1048, -42, 57
1039, 18, 70
1033, 81, 75
1033, 81, 75
1038, 122, 72
1036, 134, 100
1010, 180, 126
981, 191, 137
981, 191, 137
933, 187, 130
890, 153, 127
829, 118, 127
765, 101, 118
733, 67, 116
733, 67, 116
725, 18, 112
705, -7, 116
698, -27, 112
698, -27, 112
724, -61, 106
757, -80, 106
804, -96, 108
876, -97, 125
964, -96, 149
964, -96, 149
1044, -59, 163
1105, -65, 216
1156, -67, 231
1160, -77, 177
1091, -88, 155
979, -101, 158
1642, -158, 915
-,-,-
993, -232, 253
995, -193, 244
1035, -194, 206
1035, -194, 206
1086, -186, 181
1233, -181, 196
1474, -233, 221
1686, -292, 172
1687, -255, 178
1543, -205, 230
1345, -152, 315
1158, -108, 332
1012, -91, 307
875, -78, 300
793, -90, 288
793, -90, 288
754, -101, 245
711, -84, 216
692, -91, 187
670, -113, 177
655, -120, 154
666, -140, 124
666, -140, 124
680, -176, 97
676, -207, 79
664, -227, 61
687, -246, 34
725, -269, 24
725, -269, 24
803, -292, 10
858, -287, 4
916, -276, 1
963, -247, -2
963, -247, -2
999, -215, 10
1003, -167, 40
1010, -127, 75
1031, -65, 78
1048, -3, 79
1048, -3, 79
1062, 28, 104
1052, 60, 111
1044, 98, 101
1035, 133, 83
1006, 140, 104
1006, 140, 104
972, 118, 140
930, 96, 141
875, 68, 136
816, 46, 119
816, 46, 119
768, 14, 100
718, -11, 98
687, -36, 107
705, -66, 98
705, -66, 98
742, -85, 91
753, -71, 92
792, -87, 116
792, -87, 116
869, -82, 112
931, -87, 129
977, -66, 143
1000, -44, 167
1073, -75, 150
1142, -87, 122
1142, -87, 122
1127, -57, 186
1063, -43, 258
1092, -15, 366
-,-,-
1156, -141, 294
1277, -181, 315
1277, -181, 315
1398, -225, 280
1418, -195, 281
1391, -157, 293
1350, -154, 285
1272, -141, 260
1169, -110, 231
1070, -86, 234
987, -79, 238
921, -106, 245
855, -89, 212
855, -89, 212
806, -78, 182
788, -75, 140
782, -92, 129
756, -103, 124
743, -117, 124
743, -117, 124
731, -118, 91
735, -127, 59
733, -148, 40
755, -182, 38
779, -217, 51
803, -241, 38
803, -241, 38
817, -255, 41
840, -252, 42
866, -245, 44
892, -237, 21
892, -237, 21
933, -233, 2
965, -211, 12
1001, -177, 21
1013, -137, 51
1016, -83, 66
1016, -83, 66
1034, -30, 71
1046, 24, 78
1051, 75, 95
1047, 101, 126
1011, 139, 132
1011, 139, 132
958, 171, 142
918, 168, 150
895, 146, 150
892, 102, 119
870, 59, 96
870, 59, 96
837, 15, 98
796, 0, 99
796, 0, 99
779, -14, 122
780, -8, 131
799, -23, 127
799, -23, 127
837, -29, 118
862, -51, 118
889, -64, 136
877, -23, 120
900, -5, 128
900, -5, 128
948, -24, 148
1018, -79, 186
1035, -66, 176
1026, -39, 235
1003, -65, 310
1003, -65, 310
1318, 127, 628
-,-,-
1050, -136, 249
1156, -140, 263
1271, -160, 278
1383, -172, 283
1454, -174, 266
1454, -174, 266
1446, -169, 263
1376, -165, 272
1284, -142, 277
1188, -155, 271
1050, -128, 263
930, -111, 246
843, -112, 235
794, -128, 223
745, -136, 237
702, -123, 219
702, -140, 183
702, -140, 183
724, -157, 130
722, -168, 121
720, -179, 116
761, -216, 103
808, -242, 71
837, -263, 40
837, -263, 40
852, -257, 25
859, -249, 32
867, -235, 37
896, -240, 36
920, -205, 21
920, -205, 21
955, -156, 5
947, -130, 50
958, -77, 79
985, -26, 73
985, -26, 73
1008, 15, 50
1024, 48, 54
1018, 69, 64
1018, 69, 64
1004, 74, 73
977, 74, 77
947, 66, 92
947, 66, 92
905, 56, 97
856, 44, 105
818, 23, 120
818, 23, 120
805, 11, 137
818, 18, 115
825, 0, 111
825, 0, 111
799, 3, 103
781, 15, 96
799, 2, 116
799, 2, 116
817, 4, 112
796, 50, 124
796, 50, 124
848, 38, 157
924, 20, 210
1030, 0, 212
1067, 11, 234
1067, 11, 234
1072, 10, 217
1060, -10, 174
964, -27, 206
809, 15, 130
809, 15, 130
1563, -73, 871
1331, -374, -591
-,-,-
972, -129, 283
1010, -107, 270
1063, -114, 261
1084, -92, 291
1084, -92, 291
1192, -93, 284
1431, -153, 203
1602, -198, 191
1582, -183, 209
1443, -137, 262
1249, -80, 326
1091, -68, 375
974, -58, 360
842, -42, 310
842, -42, 310
740, -35, 258
712, -60, 229
696, -69, 194
688, -90, 183
688, -90, 183
712, -122, 139
736, -154, 125
779, -193, 112
805, -222, 85
816, -238, 70
862, -252, 58
862, -252, 58
890, -253, 56
890, -237, 59
873, -207, 92
882, -180, 114
915, -173, 115
915, -173, 115
955, -153, 106
982, -104, 65
991, -66, 48
987, -25, 39
993, 12, 33
993, 12, 33
1000, 66, 5
1008, 117, -2
1023, 152, 1
1023, 152, 1
1021, 170, 24
1004, 163, 69
981, 149, 107
977, 124, 102
977, 124, 102
934, 103, 88
895, 64, 86
863, 27, 84
863, 27, 84
841, -2, 76
802, -17, 85
761, -21, 89
761, -21, 89
721, -6, 108
688, 10, 134
745, -4, 148
745, -4, 148
827, -24, 163
873, -12, 138
926, -22, 193
1035, -49, 178
1102, -91, 121
1102, -91, 121
941, 1, 70
784, 36, 244
869, -47, 242
902, -92, 235
902, -92, 235
-,-,-
1017, -236, 236
1011, -219, 201
1011, -219, 201
1014, -202, 240
1091, -181, 243
1246, -205, 245
1454, -252, 199
1564, -255, 172
1477, -200, 271
1371, -169, 338
1250, -141, 382
1121, -108, 386
1022, -91, 359
934, -82, 325
934, -82, 325
864, -88, 286
809, -97, 255
764, -118, 243
716, -121, 214
691, -130, 186
698, -159, 150
698, -159, 150
729, -202, 138
753, -233, 131
790, -272, 110
804, -291, 82
833, -310, 75
833, -294, 70
833, -294, 70
855, -278, 36
892, -261, 17
914, -220, 22
938, -173, 50
951, -118, 69
951, -118, 69
958, -71, 95
960, -9, 95
961, 49, 65
961, 49, 65
949, 92, 59
908, 134, 70
882, 127, 85
882, 127, 85
867, 107, 89
861, 71, 79
844, 49, 80
844, 49, 80
839, 22, 74
830, -5, 67
816, -20, 70
816, -20, 70
817, -28, 51
818, -28, 64
848, -19, 52
848, -19, 52
865, -2, 72
869, 7, 114
903, 1, 127
903, 1, 127
974, -20, 107
1032, -38, 59
1032, -18, 80
1028, -18, 132
1028, -9, 132
1046, -14, 207
1095, -48, 193
1120, -55, 164
1044, -74, 187
953, -74, 125
1756, -376, 904
1756, -376, 904
1526, -376, -454
-,-,-
979, -159, 209
998, -186, 206
1068, -200, 191
1126, -203, 204
1194, -199, 199
1297, -219, 229
1297, -219, 229
1382, -241, 275
1384, -239, 315
1324, -199, 333
1239, -174, 334
1148, -166, 313
1077, -156, 286
1005, -142, 279
958, -143, 251
904, -136, 257
858, -123, 241
838, -122, 207
838, -122, 207
813, -110, 180
809, -111, 148
807, -113, 111
792, -114, 84
757, -105, 87
733, -105, 99
733, -105, 99
739, -112, 84
759, -140, 71
776, -159, 63
810, -178, 67
848, -202, 70
848, -202, 70
884, -209, 67
897, -203, 71
920, -189, 66
936, -161, 51
962, -138, 39
962, -138, 39
984, -107, 37
1000, -72, 47
1010, -50, 51
1014, -14, 59
1014, -14, 59
1042, 4, 67
1047, 25, 75
1025, 36, 99
1015, 45, 93
1015, 45, 93
991, 61, 93
980, 76, 90
958, 78, 86
958, 78, 86
927, 71, 97
881, 62, 108
881, 62, 108
849, 39, 107
806, 20, 98
756, 13, 80
756, 13, 80
727, 3, 100
730, -11, 101
736, -40, 108
746, -25, 113
746, -25, 113
816, -29, 149
935, -43, 117
981, -40, 86
954, 0, 113
954, 0, 113
991, 1, 237
1132, -52, 250
1176, -76, 152
-,-,-
1077, -184, 246
1190, -174, 188
1282, -182, 223
1373, -163, 241
1382, -171, 285
1382, -171, 285
1327, -146, 318
1265, -134, 328
1198, -111, 317
1127, -97, 299
1051, -90, 315
974, -84, 311
926, -84, 268
883, -103, 216
883, -103, 216
842, -106, 190
803, -121, 198
740, -109, 174
713, -122, 138
711, -130, 103
716, -140, 87
726, -157, 105
726, -157, 105
754, -168, 105
773, -175, 78
774, -175, 81
814, -184, 93
871, -203, 104
931, -210, 90
931, -210, 90
967, -208, 67
994, -194, 54
1007, -183, 66
995, -148, 77
988, -71, 77
988, -71, 77
986, -5, 86
987, 46, 86
980, 81, 96
980, 81, 96
988, 112, 91
998, 132, 93
990, 144, 99
990, 144, 99
976, 126, 110
952, 108, 124
938, 79, 98
938, 79, 98
920, 51, 71
886, 27, 47
846, 13, 43
846, 13, 43
822, 3, 26
801, -9, 39
801, -9, 39
744, 4, 85
707, 23, 125
751, -14, 150
751, -14, 150
834, -45, 69
891, -69, 115
893, -21, 188
908, -9, 170
908, -9, 170
978, -47, 109
1056, -74, 134
1062, -73, 247
1059, -93, 271
1024, -101, 203
1523, -49, 814
1523, -49, 814
1804, -744, -187
-,-,-
998, -191, 297
976, -111, 243
1010, -74, 239
1010, -74, 239
1087, -100, 205
1200, -136, 200
1338, -159, 187
1468, -196, 169
1474, -201, 199
1404, -192, 203
1281, -170, 209
1138, -145, 249
1011, -111, 280
894, -79, 280
792, -63, 271
792, -63, 271
744, -56, 225
721, -61, 205
734, -95, 191
764, -113, 164
791, -160, 158
791, -160, 158
839, -195, 134
886, -240, 133
913, -263, 99
917, -266, 89
920, -268, 78
924, -265, 51
924, -265, 51
924, -254, 44
917, -233, 49
923, -208, 51
918, -176, 56
918, -176, 56
926, -158, 60
941, -126, 41
947, -96, 65
965, -64, 72
965, -64, 72
963, -30, 86
967, -8, 79
976, 4, 62
976, 4, 62
997, 22, 27
1009, 35, 20
982, 56, 34
982, 56, 34
963, 68, 39
966, 65, 37
966, 65, 37
954, 70, 48
942, 62, 58
918, 50, 67
918, 50, 67
891, 24, 81
866, 2, 88
866, 2, 88
863, -26, 88
850, -35, 89
813, -30, 77
813, -30, 77
777, -20, 80
767, -27, 106
787, -41, 117
819, -57, 125
819, -57, 125
861, -55, 128
881, -56, 116
918, -81, 80
946, -79, 73
946, -79, 73
978, -77, 161
1042, -86, 173
1049, -65, 226
1024, -99, 307
1110, -137, 310
1280, -69, 370
1280, -69, 370
1971, -836, 473
473, 457, -111
296, 86, 147
1451, -251, 374
1068, -106, 79
867, -106, 234
-,-,-
1041, -146, 242
1114, -139, 241
1226, -153, 260
1375, -155, 307
1546, -207, 258
1546, -207, 258
1550, -200, 225
1430, -172, 238
1266, -128, 260
1099, -108, 266
971, -84, 253
872, -98, 258
788, -88, 275
750, -84, 253
750, -84, 253
734, -98, 215
731, -118, 205
745, -161, 194
737, -185, 196
729, -211, 161
754, -252, 96
754, -252, 96
771, -284, 69
784, -298, 50
803, -309, 44
825, -305, 31
864, -301, 33
864, -301, 33
895, -285, 43
915, -259, 54
937, -217, 61
958, -174, 60
973, -135, 64
973, -135, 64
978, -89, 64
993, -23, 56
1001, 45, 53
1001, 45, 53
1015, 101, 64
1008, 136, 94
1004, 164, 105
975, 188, 117
957, 179, 112
957, 179, 112
912, 158, 119
893, 113, 115
866, 60, 108
844, 20, 92
844, 20, 92
813, 3, 103
789, -9, 136
784, -11, 134
784, -11, 134
764, -15, 134
772, -43, 184
854, -85, 180
955, -103, 152
919, -27, 156
919, -27, 156
840, 14, 248
924, -67, 277
1070, -143, 246
1122, -90, 232
1085, -66, 307
1058, -74, 336
1058, -74, 336
1389, -10, 540
1906, -909, 70
-,-,-
989, -163, 260
1042, -182, 249
1057, -192, 214
1069, -158, 241
1179, -184, 282
1369, -214, 322
1558, -233, 285
1558, -213, 297
1452, -179, 305
1313, -146, 280
1313, -146, 280
1158, -128, 241
1011, -127, 228
902, -147, 250
757, -122, 272
666, -97, 244
627, -104, 227
626, -116, 273
654, -135, 284
712, -141, 217
712, -141, 217
742, -147, 201
771, -161, 177
785, -160, 138
818, -173, 87
855, -190, 71
884, -192, 55
884, -192, 55
901, -183, 43
919, -180, 45
943, -186, 75
960, -167, 73
965, -124, 48
965, -124, 48
981, -76, 42
986, -35, 83
990, 14, 126
990, 14, 126
984, 57, 132
992, 85, 107
995, 115, 86
985, 122, 80
985, 122, 80
976, 98, 75
948, 77, 56
910, 45, 57
910, 45, 57
855, 25, 70
814, 12, 75
814, 12, 75
768, 10, 84
742, -5, 129
751, -24, 163
751, -24, 163
767, -46, 132
727, 10, 149
769, 4, 175
884, -58, 173
884, -58, 173
987, -104, 114
1007, -76, 130
1009, -62, 243
1038, -75, 244
1010, -82, 189
942, -145, 157
942, -145, 157
933, -115, 227
1776, -439, 1250
1416, -131, -646
-66, 128, 584
1168, -54, 85
-,-,-
1005, -159, 292
1005, -159, 260
1009, -144, 260
1099, -162, 232
1263, -207, 270
1414, -189, 273
1529, -194, 231
1456, -168, 341
1379, -161, 380
1267, -140, 330
1104, -98, 303
974, -84, 286
888, -93, 300
888, -93, 300
819, -81, 265
734, -57, 230
701, -58, 200
711, -70, 189
748, -76, 185
748, -76, 185
790, -87, 167
826, -103, 150
842, -121, 146
838, -152, 142
840, -211, 151
852, -248, 106
852, -248, 106
867, -287, 77
872, -312, 55
905, -323, 20
935, -318, -8
932, -289, -9
932, -289, -9
933, -253, -1
954, -196, 3
967, -78, 6
949, 17, 97
949, 17, 97
959, 70, 172
962, 108, 185
961, 126, 149
961, 126, 149
945, 121, 106
910, 96, 90
864, 71, 77
855, 50, 34
855, 50, 34
806, 54, 46
784, 21, 67
784, 21, 67
789, -12, 68
761, -9, 66
743, -22, 96
743, -22, 96
754, -31, 134
771, -23, 174
822, -64, 191
867, -114, 138
867, -114, 138
888, -129, 144
890, -103, 222
897, -77, 223
-,-,-
981, -287, 214
1019, -248, 241
1059, -233, 144
1123, -186, 142
1300, -163, 197
1564, -230, 233
1668, -265, 280
1668, -265, 280
1572, -224, 323
1373, -167, 324
1119, -115, 298
864, -56, 281
692, -41, 282
652, -100, 291
676, -104, 253
734, -114, 193
734, -114, 193
777, -122, 173
794, -140, 194
821, -164, 199
848, -209, 189
857, -218, 145
836, -229, 130
828, -259, 119
831, -291, 112
831, -291, 112
846, -325, 116
861, -330, 80
898, -356, 40
932, -353, 2
949, -315, -1
949, -315, -1
969, -234, 1
985, -157, 48
951, -46, 141
940, 35, 213
940, 35, 213
956, 112, 202
960, 138, 195
933, 133, 203
892, 107, 195
892, 107, 195
873, 85, 152
850, 55, 125
815, 24, 119
758, 19, 122
758, 19, 122
709, 0, 124
686, -4, 121
703, 7, 112
703, 7, 112
737, 0, 83
761, -26, 69
783, -26, 93
783, -26, 93
868, -59, 130
972, -70, 270
1038, -102, 265
988, -84, 218
988, -84, 218
1045, -104, 210
1035, -133, 363
1777, -439, 1250
1039, 211, -1121
-,-,-
1009, -272, 174
1003, -199, 212
1083, -218, 218
1233, -222, 241
1499, -270, 261
1742, -350, 213
1712, -324, 243
1712, -324, 243
1533, -240, 278
1304, -179, 316
1098, -122, 319
911, -74, 295
746, -53, 295
643, -51, 276
610, -76, 248
618, -108, 238
618, -108, 238
641, -122, 191
674, -142, 135
700, -161, 83
716, -189, 74
726, -221, 74
749, -270, 68
749, -270, 68
756, -288, 58
787, -346, 63
845, -394, 34
917, -433, -3
917, -433, -3
989, -463, -20
1009, -445, -3
1003, -417, 18
990, -332, 31
986, -227, 43
989, -143, 80
989, -143, 80
981, -100, 133
974, -50, 153
975, 42, 131
987, 128, 107
986, 132, 121
986, 132, 121
971, 129, 146
987, 101, 119
981, 113, 74
957, 104, 52
957, 104, 52
921, 72, 63
876, 34, 83
838, 0, 92
838, 0, 92
772, -15, 90
649, 0, 150
649, 0, 150
592, -21, 192
647, -87, 164
732, -86, 65
732, -86, 118
715, -27, 118
771, -38, 139
973, -167, 64
1114, -195, 68
1124, -97, 157
1073, -110, 255
1073, -110, 255
1014, -181, 242
961, -209, 212
1698, -895, 738
494, 534, -561
415, 22, 589
-,-,-
986, -194, 261
1046, -217, 242
1046, -217, 242
1173, -247, 202
1348, -236, 245
1666, -343, 244
1843, -392, 248
1747, -330, 348
1518, -236, 429
1272, -174, 432
1021, -107, 417
761, -50, 401
574, -39, 356
466, -40, 334
466, -40, 334
475, -58, 251
532, -80, 161
602, -90, 90
653, -120, 69
653, -120, 69
701, -159, 74
726, -202, 98
757, -242, 106
787, -296, 102
816, -351, 84
891, -445, 0
891, -445, 0
932, -480, -25
945, -464, 6
921, -414, 35
893, -330, 51
893, -330, 51
892, -191, 20
946, -88, 57
989, -28, 166
1013, 39, 220
1013, 39, 220
1066, 107, 154
1118, 129, 101
1091, 117, 74
1040, 88, 50
1015, 47, 1
1015, 47, 1
990, 14, -11
936, -19, 21
872, -54, 37
872, -54, 37
795, -74, 54
755, -102, 19
695, -118, -7
545, -75, 103
545, -75, 103
509, -46, 227
665, -134, 154
749, -174, 22
692, -85, -26
644, -7, 183
644, -7, 183
872, -98, 203
1106, -143, 117
1238, -168, 178
1235, -117, 237
1208, -195, 184
1232, -192, 121
1200, -164, 255
1866, -930, 481
1866, -930, 481
433, 495, -529
218, 172, 275
1714, -424, 395
811, 12, 119
-,-,-
1162, -241, 297
1162, -241, 297
1409, -302, 288
1669, -296, 319
1794, -358, 312
1773, -393, 316
1558, -279, 346
1240, -140, 409
951, -3, 401
731, 42, 395
632, -11, 381
632, -11, 381
528, 1, 343
454, 0, 302
437, -16, 255
437, -16, 255
475, -63, 191
540, -129, 154
589, -159, 137
629, -173, 118
688, -246, 90
774, -327, 72
774, -327, 72
867, -391, 26
939, -411, -5
1011, -431, -3
1070, -441, 1
1095, -448, 11
1095, -448, 11
1063, -409, 78
1034, -341, 97
1026, -259, 130
1015, -97, 179
1001, -23, 254
1009, 52, 290
1003, 134, 268
1003, 134, 268
1037, 152, 218
1010, 174, 198
950, 176, 199
927, 127, 136
878, 64, 111
796, 22, 105
796, 22, 105
736, -34, 97
646, -82, 95
531, -81, 111
531, -81, 111
445, -62, 214
485, -82, 195
539, -144, 197
626, -125, 177
785, -79, 123
785, -79, 123
958, -100, 109
1098, -134, 191
1167, -126, 138
1165, -95, 115
1232, -95, 242
1459, 38, 776
-,-,-
1138, -210, 262
1342, -187, 296
1631, -229, 390
1775, -256, 420
1651, -216, 451
1408, -120, 455
1408, -120, 455
1170, -57, 428
993, -49, 355
884, -97, 285
777, -92, 273
668, -63, 279
602, -61, 259
602, -61, 259
575, -81, 213
562, -87, 170
579, -119, 125
583, -115, 109
606, -116, 88
606, -116, 88
647, -113, 83
706, -148, 99
747, -164, 108
813, -221, 118
892, -307, 96
955, -388, 53
955, -388, 53
1012, -459, 63
970, -410, 111
970, -394, 88
963, -349, 95
968, -316, 47
968, -316, 47
1004, -196, 35
1067, -61, 131
1122, -18, 244
1132, 44, 251
1142, 37, 181
1122, 67, 77
1122, 67, 77
995, 105, 105
876, 103, 140
822, 65, 109
822, 65, 109
778, -15, 113
638, -10, 141
530, -14, 174
557, -60, 202
634, -93, 176
634, -93, 176
718, -77, 114
755, -55, 127
846, -87, 131
957, -137, 116
1069, -120, 113
1069, -120, 113
1053, -67, 229
1034, -96, 331
1116, -230, 287
1124, -191, 243
1533, -635, 1034
687, -9, -692
332, 52, 736
-,-,-
1222, -163, 231
1506, -131, 370
1892, -220, 448
1996, -299, 373
1908, -255, 349
1524, -165, 352
1075, -65, 365
720, -3, 333
512, 12, 234
512, 12, 234
477, -86, 136
500, -163, 124
492, -157, 109
551, -188, 78
551, -188, 78
641, -222, 14
687, -231, 0
702, -231, 6
739, -263, 35
739, -263, 35
783, -315, 79
860, -319, 48
912, -335, 16
914, -354, 19
904, -407, 84
904, -407, 84
898, -432, 135
908, -421, 97
933, -398, 12
881, -315, 18
883, -169, 10
883, -169, 10
935, -39, 79
1003, 53, 120
997, 157, 204
1038, 243, 230
1019, 262, 224
1019, 262, 224
990, 205, 223
923, 158, 169
853, 111, 122
779, 86, 87
701, 71, 70
701, 71, 70
644, 33, 75
600, 22, 93
600, 22, 93
597, 34, 79
670, 9, 47
670, 9, 47
675, 10, 151
775, -38, 209
959, -109, 149
1091, -119, 145
1147, -89, 217
1147, -89, 217
1134, -85, 316
1124, -110, 304
1106, -102, 240
1103, -167, 210
1854, -625, 1086
1288, -12, -787
-,-,-
1017, -204, 279
1103, -175, 265
1243, -187, 303
1447, -144, 260
1714, -233, 230
1756, -241, 197
1585, -194, 174
1340, -125, 156
1132, -119, 159
977, -133, 179
838, -88, 178
838, -88, 178
739, -78, 201
673, -74, 204
625, -90, 213
632, -103, 197
655, -104, 120
674, -100, 62
674, -100, 62
669, -97, 42
685, -147, 34
716, -193, 24
749, -225, 8
749, -225, 8
784, -260, 13
829, -319, 45
870, -358, 52
946, -389, 1
946, -389, 1
1024, -443, -87
1046, -479, -90
1031, -426, 6
1020, -313, 102
1054, -207, 100
1069, -146, 90
1091, -49, 95
1091, -49, 95
1070, 116, 58
1040, 207, 106
988, 239, 173
924, 240, 185
869, 209, 148
869, 209, 148
796, 165, 123
684, 127, 153
635, 64, 126
591, 33, 115
591, 33, 115
551, 35, 156
519, 55, 164
575, 24, 121
683, -34, 129
683, -34, 129
813, -79, 108
856, -11, 133
870, 5, 244
963, -30, 312
963, -30, 312
1088, -115, 298
1161, -56, 273
1087, -96, 367
1653, -290, 1361
1230, -233, -911
-,-,-
1112, -171, 252
1208, -125, 295
1458, -167, 468
1741, -247, 472
1741, -247, 472
1781, -239, 372
1603, -190, 337
1322, -134, 339
1076, -106, 327
890, -68, 293
801, -114, 270
710, -110, 284
625, -99, 254
628, -105, 163
628, -105, 163
626, -112, 151
638, -135, 175
642, -140, 205
657, -156, 174
697, -185, 119
738, -214, 66
780, -254, 29
780, -254, 29
812, -292, 13
810, -325, 19
813, -344, 18
842, -352, 2
842, -352, 2
915, -397, -68
936, -427, -101
900, -389, -42
940, -261, -14
977, -143, 73
1026, 12, 142
1026, 12, 142
1115, 91, 177
1139, 161, 222
1082, 221, 231
1003, 210, 192
883, 191, 133
777, 152, 95
777, 152, 95
709, 107, 97
702, 39, 109
673, 11, 136
673, 11, 136
651, 2, 147
666, 1, 137
678, 5, 103
678, 5, 103
730, -19, 124
815, -40, 162
967, -69, 153
967, -69, 153
1075, -84, 168
1079, -67, 244
1087, -80, 306
1129, -169, 187
1132, -122, 121
1187, 47, 497
1213, -1116, 339
-,-,-
998, -198, 289
1065, -227, 236
1125, -189, 247
1372, -203, 388
1674, -259, 510
1861, -303, 394
1690, -247, 396
1344, -147, 468
1045, -99, 485
931, -111, 387
802, -85, 291
802, -85, 291
660, -63, 270
556, -78, 279
561, -87, 248
581, -96, 221
639, -120, 170
639, -120, 170
661, -133, 135
664, -135, 119
656, -144, 122
662, -160, 109
689, -184, 86
739, -222, 100
800, -282, 85
800, -282, 85
879, -358, -11
904, -468, -23
941, -510, 42
1143, -454, 54
1177, -414, 76
1202, -233, 115
1202, -233, 115
1212, -112, 229
1184, -29, 291
1115, 52, 302
1073, 103, 257
1037, 129, 172
978, 133, 99
856, 129, 87
856, 129, 87
744, 127, 90
665, 113, 95
599, 83, 78
599, 83, 78
533, 52, 78
510, 41, 80
568, 51, 101
568, 51, 101
645, 26, 76
630, 29, 117
700, 25, 110
700, 25, 110
853, 0, 137
988, 12, 209
1079, -106, 175
1079, -106, 175
1036, -138, 112
1010, -46, 302
-,-,-
1179, -167, 222
1263, -128, 422
1263, -128, 422
1535, -191, 513
1797, -364, 386
1730, -372, 344
1449, -289, 387
1096, -167, 428
805, -92, 392
645, -80, 296
549, -74, 268
545, -91, 250
545, -91, 250
587, -106, 207
628, -117, 160
668, -130, 143
706, -148, 145
718, -148, 164
721, -165, 170
692, -164, 178
692, -164, 178
696, -184, 175
739, -231, 139
821, -312, 97
886, -365, 96
967, -384, 137
1108, -403, 152
1108, -403, 152
1234, -409, 126
1252, -373, 232
1216, -219, 289
1146, -47, 344
1131, 10, 291
1124, 48, 172
1032, 143, 159
985, 162, 157
985, 162, 157
941, 153, 172
892, 132, 183
839, 115, 177
774, 102, 185
716, 81, 191
716, 81, 191
649, 60, 172
594, 31, 164
566, 3, 136
566, 3, 136
550, 4, 148
559, -5, 157
613, -11, 101
613, -11, 101
643, -19, 121
640, 44, 204
734, -7, 226
894, -130, 71
894, -130, 71
1028, -128, 134
1155, -109, 397
1208, -186, 362
1684, -336, 1302
1220, -84, -977
-579, 450, 695
1532, -112, 438
998, -150, 227
834, -111, 195
1172, -323, 228
814, -137, 335
-,-,-
1095, -331, 260
1065, -253, 256
1040, -115, 310
1221, -62, 386
1649, -200, 337
1966, -342, 315
1896, -351, 380
1562, -270, 450
1207, -226, 453
931, -188, 394
728, -182, 299
728, -182, 299
591, -164, 255
513, -131, 207
476, -141, 192
475, -146, 162
497, -151, 160
549, -161, 125
597, -172, 106
628, -201, 123
628, -201, 123
650, -223, 141
665, -247, 171
706, -270, 159
776, -312, 139
896, -362, 109
1021, -399, 109
1094, -402, 109
1129, -372, 168
1129, -372, 168
1186, -254, 208
1229, -170, 242
1221, -97, 250
1197, -28, 225
1203, 43, 222
1159, 124, 247
1083, 124, 241
981, 99, 218
981, 99, 218
877, 89, 187
794, 45, 157
720, 26, 139
720, 26, 139
643, 38, 153
576, 66, 182
569, 61, 167
602, 17, 109
602, 17, 109
669, -42, 58
719, -45, 18
725, -58, 80
725, -58, 80
710, -59, 152
815, -69, 143
924, -97, 153
927, -82, 252
927, -82, 252
980, -75, 234
1148, -112, 307
1324, -238, 269
1778, -438, 1089
1107, -183, -580
-266, 230, 375
